% -------------------------------------------------------------------
%  Generated by MATLAB on 26-Mar-2019 09:09:58
%  MATLAB version: 9.4.0.813654 (R2018a)
% -------------------------------------------------------------------
                                                

Fa_t = 0.3;

Fb_t = 0.3;

Fc_t = 0.4;

Kg_t = 20;

Ta_t = 0.3;

Tb_t = 7;

Tc_t = 0.2;

Tsm_t = 0.3;

Tsr_t = 0.1;

