% -------------------------------------------------------------------
%  Generated by MATLAB on 26-Mar-2019 09:11:52
%  MATLAB version: 9.4.0.813654 (R2018a)
% -------------------------------------------------------------------
                                             

Ka = 20;

Ke = 1;

Kf = 0.063;

Ta = 0.2;

Te = 0.314;

Tf = 0.35;

Tr = 0.02;

